183 1 2 0 3 0 1 2 4 1 2 2 0 4 3 1 0 1 2 1
1 168 2 4 2 0 2 3 2 0 4 2 2 3 4 2 3 1 1 2
4 3 121 4 4 2 3 4 0 0 3 1 1 0 1 3 2 0 1 1
0 0 4 127 1 0 1 4 3 2 4 0 2 0 4 2 4 4 3 0
2 3 1 3 188 4 3 1 4 4 2 0 1 3 4 2 1 1 4 4
0 0 4 3 2 101 2 2 2 2 2 1 1 0 1 1 0 4 4 4
0 4 1 2 2 1 181 0 4 2 2 1 2 3 1 0 1 3 4 4
3 1 2 4 3 4 0 168 3 0 0 4 1 3 3 0 1 1 1 0
4 3 4 3 1 0 3 0 134 4 4 4 2 1 3 1 2 0 4 1
2 1 2 3 0 2 4 1 3 195 4 2 0 3 3 3 3 1 3 4
1 4 3 3 3 3 1 0 4 3 128 3 4 2 2 1 4 3 0 3
0 4 2 0 4 0 0 4 4 1 4 182 2 4 2 2 0 4 3 1
2 3 4 3 1 3 0 2 1 0 0 1 161 0 3 0 0 1 4 1
2 0 3 1 2 3 4 2 2 4 0 1 2 199 4 0 3 1 3 1
1 0 3 4 0 3 4 1 4 1 4 3 3 3 190 0 1 1 4 0
0 4 1 2 1 2 0 1 4 3 2 2 3 2 4 109 1 0 2 2
1 1 3 2 1 0 4 4 1 4 4 1 0 2 0 3 127 0 4 3
0 4 2 4 1 1 0 4 2 2 2 0 0 0 2 4 0 142 3 3
3 0 4 0 4 1 4 1 2 0 4 4 4 4 3 1 0 0 160 2
4 4 3 0 1 2 4 3 1 4 1 4 4 2 2 1 4 1 2 168